[ PAT NO. 499 ]

[ choose matrix index ]

matrix index  8 
 -43   47    0  -11 
   0  -37   -8   71 
 112   38  -84  -18 
 -95 -124  120   74 
matrix index  7 
-116   48  -99   62 
  -2   43  -27  -33 
  56   77  -53  -44 
 -35   -4   38 -126 
matrix index 12 
  45  -86 -105 -106 
 121 -104    1   69 
  36  -71  108  -90 
  -2   65  114  -35 


[ transpose C ]

  45  121   36   -2 
 -86 -104  -71   65 
-105    1  108  114 
-106   69  -90  -35 
